%YAML:1.0
---
x: 390
y: 179
w: 586
h: 467
image_width: 1280
image_height: 720
x_norm: 0.3046875
y_norm: 0.24861111111111112
w_norm: 0.45781250000000001
h_norm: 0.64861111111111114
